Mercury
__
2 00000 7.006 48.33167 20564 77.4600 252.25084 0.071424
Venus
__
2 00000 3.39471 76.68069 000677323 131.53298 181.979 0.02796
Earth
__
2 00000 0.00 -11.26064 001671022 102.94719 100.46435 0.017214
Mars
__
2 00000 1.85061 49.57854 934123.3 336.04084 355.45332 0.009156
Jupiter
__
2 00000 1.30530 100.55615 00483926.0 14.75385 34.40438 0.0014507
Saturn
__
2 00000 2.48446 113.71504 00541506.0 92.42194 49.94432 0.000584646
Uranus
__
2 00000 0.76986 74.22988 00471677.0 170.96424 313.23218 0.000205407
Neptune
__
2 00000 1.76917 131.72169 000858587.0 44.97135 304.88003 0.00010507