NAVSTAR 43 (USA 132)
1 24876U 97035A   22261.59699283 -.00000032  00000-0  00000-0 0  9991
2 24876  55.5201 152.0401 0062640  52.3329 308.2955  2.00563248184524
NAVSTAR 46 (USA 145)
1 25933U 99055A   22261.72445273 -.00000111  00000-0  00000-0 0  9991
2 25933  52.3777 354.6495 0141518 134.5249 244.5023  2.00555511168154
NAVSTAR 47 (USA 150)
1 26360U 00025A   22261.47072959 -.00000018  00000-0  00000-0 0  9990
2 26360  54.1361  75.0258 0047943 185.4654 174.6278  2.00565882163849
NAVSTAR 48 (USA 151)
1 26407U 00040A   22261.69293310  .00000036  00000-0  00000-0 0  9998
2 26407  55.4068 269.5508 0166776 287.5316  68.7837  2.00565192162513
NAVSTAR 49 (USA 154)
1 26605U 00071A   22261.54710622 -.00000031  00000-0  00000-0 0  9992
2 26605  55.1051 148.9947 0136674 254.5848 286.2805  2.00555822160088
NAVSTAR 50 (USA 156)
1 26690U 01004A   22261.72059208 -.00000010  00000-0  00000-0 0  9996
2 26690  54.0398  83.1517 0000277  37.3749 348.3827  1.91595368157340
NAVSTAR 51 (USA 166)
1 27663U 03005A   22261.73307874  .00000037  00000-0  00000-0 0  9994
2 27663  55.4530 269.3545 0126159  41.1415 125.8626  2.00559217143887
NAVSTAR 52 (USA 168)
1 27704U 03010A   22261.72827553 -.00000098  00000-0  00000-0 0  9994
2 27704  55.0557  19.5350 0244938 308.3275  70.5895  2.00560497142688
NAVSTAR 53 (USA 175)
1 28129U 03058A   22261.78507735 -.00000014  00000-0  00000-0 0  9999
2 28129  53.9534  77.5972 0067276 319.0577  40.4819  2.00555915137368
NAVSTAR 54 (USA 177)
1 28190U 04009A   22261.79930507 -.00000081  00000-0  00000-0 0  9996
2 28190  55.9445 330.3593 0089567 125.5818 243.8488  2.00558534135520
NAVSTAR 55 (USA 178)
1 28361U 04023A   22261.29269738 -.00000029  00000-0  00000-0 0  9990
2 28361  54.1910 142.1249 0142840 262.1139 277.7695  2.00566840133605
NAVSTAR 56 (USA 180)
1 28474U 04045A   22261.47687291 -.00000098  00000-0  00000-0 0  9993
2 28474  55.3815  19.7198 0202352 279.8986  94.5517  2.00421857131007
NAVSTAR 57 (USA 183)
1 28874U 05038A   22261.90661344 -.00000076  00000-0  00000-0 0  9995
2 28874  56.0067 327.7933 0139749 275.1095 198.5614  2.00570400124415
NAVSTAR 58 (USA 190)
1 29486U 06042A   22261.87298061 -.00000004  00000-0  00000-0 0  9990
2 29486  54.7077 205.5615 0104449  23.3859 339.0561  2.00573877116977
NAVSTAR 59 (USA 192)
1 29601U 06052A   22261.31526737  .00000036  00000-0  00000-0 0  9997
2 29601  55.4629 268.3131 0082655  75.0326 285.9083  2.00556230115975
NAVSTAR 60 (USA 196)
1 32260U 07047A   22261.62256232 -.00000026  00000-0  00000-0 0  9991
2 32260  53.3369 136.6821 0143547  64.6008 296.9554  2.00569754109388
NAVSTAR 61 (USA 199)
1 32384U 07062A   22261.67133296 -.00000079  00000-0  00000-0 0  9992
2 32384  56.1287 328.5760 0020814 145.6036  17.7421  2.00567406108081
NAVSTAR 62 (USA 201)
1 32711U 08012A   22261.53864200 -.00000002  00000-0  00000-0 0  9999
2 32711  54.4691 204.4885 0165951 232.0102 126.4700  2.00567700106322
NAVSTAR 64 (USA 206)
1 35752U 09043A   22261.52086109 -.00000009  00000-0  00000-0 0  9992
2 35752  55.1444  81.7825 0059027  62.6261 296.1367  2.00550624 95927
NAVSTAR 65 (USA 213)
1 36585U 10022A   22260.61304653  .00000035  00000-0  00000-0 0  9990
2 36585  54.7497 263.7957 0103340  56.7850 128.5481  2.00570129 90145
NAVSTAR 66 (USA 232)
1 37753U 11036A   22261.75774524 -.00000089  00000-0  00000-0 0  9998
2 37753  56.6459  25.0763 0118358  53.4502 321.9423  2.00566039 81857
NAVSTAR 67 (USA 239)
1 38833U 12053A   22261.22207730 -.00000007  00000-0  00000-0 0  9990
2 38833  53.5251 199.5531 0128543  47.3514 313.7161  2.00562989 72000
NAVSTAR 68 (USA 242)
1 39166U 13023A   22261.08038330 -.00000075  00000-0  00000-0 0  9995
2 39166  55.6312 324.1620 0104260  38.4311 322.3660  2.00565542 68443
NAVSTAR 69 (USA 248)
1 39533U 14008A   22261.58115443 -.00000003  00000-0  00000-0 0  9994
2 39533  53.6176 205.0544 0060643 209.8155 149.8264  2.00558737 62258
NAVSTAR 70 (USA 251)
1 39741U 14026A   22260.86767121 -.00000091  00000-0  00000-0 0  9998
2 39741  56.6059  24.6370 0026822 304.0074  55.7455  2.00549528 61099
NAVSTAR 71 (USA 256)
1 40105U 14045A   22260.94933978 -.00000030  00000-0  00000-0 0  9992
2 40105  54.7092 143.1114 0022747 111.0720 249.2426  2.00553645 58639
NAVSTAR 72 (USA 258)
1 40294U 14068A   22261.31702553 -.00000007  00000-0  00000-0 0  9995
2 40294  55.8878  84.2680 0043062  59.0129 301.4613  2.00578126 57776
NAVSTAR 73 (USA 260)
1 40534U 15013A   22261.46383796  .00000037  00000-0  00000-0 0  9995
2 40534  53.6499 260.8399 0070605  19.7207 340.5664  2.00576581 54398
NAVSTAR 74 (USA 262)
1 40730U 15033A   22261.62036905 -.00000069  00000-0  00000-0 0  9996
2 40730  55.1271 322.9247 0074719   7.5777 352.5953  2.00573558 52562
NAVSTAR 75 (USA 265)
1 41019U 15062A   22261.66915638 -.00000003  00000-0  00000-0 0  9990
2 41019  55.8757  84.0989 0080582 217.3152 142.1740  2.00562729 50407
NAVSTAR 76 (USA 266)
1 41328U 16007A   22261.25875699 -.00000029  00000-0  00000-0 0  9998
2 41328  54.9242 143.7928 0062631 229.9997 129.5192  2.00566454 48402